750
871 872
917
186
346
575
923
197
621
412
803
749 750
577 578
420
170
71 72
812
214 215
561
702
540
994
141
813 814
593
181
805 806
14
29
649
66 67
556
245
757
68 69
256 257
311
599 600
136
576
797 798
816 817
144 146
91 93
307 318
477
484 487
686 689
616
911 915
726 731
406
416
424 427
401 402
512 513
200 204
404
743
357
776
972
641
370
521 522
216
671
354
873 876
176
390 392
286
669
978
306 310
588
287
224 227
326
550
452 454
898 902
332
6 8
877
438 443
538
939
289 290
451
537 542
345 353
961 965
539
161 162
356
663
446
31 32
56
626
966
910 912
180 182
729
680
747
646
527 529
971
901 903
562 563
252 253
52 53
734
369
123 124
684 685
863
846 853
268
875
780
855
929 930
279
976
955
358
526
106
944
738
637 643
984 988
921
543 544
644
672
896
213
0 2
645
998
977 979
230
848
581 582
335 336
11
908
196
602
837 840
557
754
926
628 631
147 150
555
163 165
779
969
954
506
889
16
81
887
681 683
42
996 999
76 79
532
766
211
61 65
220
546
913
33
857 858
255
718
787
849
339 341
333
829
397
349
627
473
494 495
741
764
847 856
682
793 794
595 598
792
767
62
282
439
177
826
843
894 897
462
735 737
697 699
568 571
243 246
650
440
485
989
201
265
381
364
586 587
724
861 866
774 781
337 338
990 991
468
716 717
962
301
300
154
842
662 665
514
203
90
755
10 12
652
247
249 250
560
455 459
838 841
609 612
611
722
13
15 18
818 824
481 482
74
73
874
22
463
54 55
379
651 653
920 928
931
983
597
938
372 375
790
385 388
382 383
700 709
647
189
505
60
20 26
642
905
788 789
179
99 101
428 432
232
276
63
784
865
565
583 585
886
281
458 461
658
422 426
639
679
970
87
574
105 108
523 524
193
730
159
564 566
589 590
572 573
259 263
486
285 288
860
720 721
394 395
36 37
70
373 376
347
630 632
525 528
184
888
45
343 344
107
324 327
732
314
489
488
85 88
348
541
380
945 946
656
771
551
499
712
785
205
615 618
418 419
548 552
118 119
924
240
447 449
467
238 242
470 475
351
25
274
476 478
299
844
519
617 619
772
569
217
309
693
365 366
94 95
284
688
43
501 503
932 934
762 763
703 705
534 535
496 498
502
368 371
504
92
407 408
691
403 405
109
209
919 927
448
83
431
400
303
907
320
483
7
591
727
775
752 758
690
607 608
914
830
695 696
39
294
229
312
362
278
441
212
59 64
882 883
112
879 881
520
613
225
413 415
414 417
778
756
316
328
820
742
493
129 130
134 137
936
46 47
222
725
374
102 104
444 445
340
48
271 280
761
822
50
723
121
739
192
17
864
78
151 152
710 711
606
751 753
959
98
142
398 399
719
698 701
145
202
884 885
148
673 674
377
993 995
802
171 172
694
208
859
38
350 355
266 269
654
497
149
236 237
728
825 828
633 634
330 331
450
834 835
103
610
393
223 226
411
570
768
807
231 234
302
668 670
84 86
594
391
648
164
713
949 953
456
850
384 386
430
922
293
854
791
800 801
827
733
533
815
434 437
1
4
244 248
9
839
272
507
937 940
5
305
714 715
34
746
425
132
804
298
409 410
638
707
120
233
127
126 128
387
623
592
342
880
183 185
479
935
321 322
655
677
678
869
453
277
329
188 190
315
135
500
421
531
620 622
75
40 44
457
614
975
464 465
218 221
510 511
635 636
140
480
629
549
964
947 952
110
973 974
24
153 156
963
23
845
904 909
980 981
113
579 580
786
296
517 518
982 985
21
659 661
313
41
291 295
158 160
795 796
958 960
823
219
235
3
111
530
948
194
174
191 195
28
131 133
748
899
605
367
251
114 115
951
986
261
509
57 58
836
559
360
933
925
624 625
433
770 773
950
275
687
260
325
308
100
89
675 676
239
862 868
469 474
155 157
867
906
942
821
317
782 783
19
361
545 547
267
297 304
122
210
553 558
436
435
745
228
536
987
378
601 603
241
96 97
466 471
423
283
704
262 264
890
809
292
664 666
167
554
49 51
490 492
831
895
916 918
667
77
334
657 660
472
736
604
35
442
178
319
640
116 117
389
819
941 943
138 143
198 199
799
956 957
992
352
27 30
692
254
777
852
139
765 769
187
997
596
878
584
967 968
516
870
168 169
706
515
429
323
173 175
567
396
740 744
258
808 810
508
759 760
708
491
460
125
891 892
270 273
832 833
811
80 82
900
893
359 363
206 207
851
166
